20                  10
20.1             10.1662
20.2             10.3347
20.3             10.5055
20.4             10.6786
20.5             10.8538
20.6             11.0311
20.7             11.2105
20.8             11.3919
20.9             11.5753
21             11.7605
21.1             11.9476
21.2             12.1364
21.3             12.3269
21.4             12.5191
21.5             12.7129
21.6             12.9083
21.7             13.1051
21.8             13.3034
21.9              13.503
22              13.704
22.1             13.9062
22.2             14.1096
22.3             14.3142
22.4             14.5199
22.5             14.7266
22.6             14.9342
22.7             15.1428
22.8             15.3523
22.9             15.5625
23             15.7735
23.1             15.9852
23.2             16.1975
23.3             16.4104
23.4             16.6238
23.5             16.8377
23.6              17.052
23.7             17.2666
23.8             17.4815
23.9             17.6967
24              17.912
24.1             18.1275
24.2              18.343
24.3             18.5585
24.4              18.774
24.5             18.9893
24.6             19.2045
24.7             19.4195
24.8             19.6342
24.9             19.8485
25             20.0625
25.1              20.276
25.2              20.489
25.3             20.7015
25.4             20.9133
25.5             21.1244
25.6             21.3348
25.7             21.5445
25.8             21.7532
25.9             21.9611
26              22.168
26.1             22.3739
26.2             22.5787
26.3             22.7824
26.4             22.9848
26.5             23.1861
26.6              23.386
26.7             23.5846
26.8             23.7817
26.9             23.9774
27             24.1715
27.1              24.364
27.2             24.5549
27.3             24.7441
27.4             24.9316
27.5             25.1172
27.6             25.3009
27.7             25.4827
27.8             25.6626
27.9             25.8403
28              26.016
28.1             26.1895
28.2             26.3608
28.3             26.5298
28.4             26.6965
28.5             26.8608
28.6             27.0227
28.7              27.182
28.8             27.3388
28.9              27.493
29             27.6445
29.1             27.7933
29.2             27.9393
29.3             28.0824
29.4             28.2227
29.5             28.3599
29.6             28.4942
29.7             28.6254
29.8             28.7535
29.9             28.8784
30                  29
30.1             29.1183
30.2             29.2333
30.3             29.3449
30.4              29.453
30.5             29.5576
30.6             29.6585
30.7             29.7559
30.8             29.8495
30.9             29.9394
31             30.0255
31.1             30.1077
31.2              30.186
31.3             30.2603
31.4             30.3305
31.5             30.3967
31.6             30.4587
31.7             30.5165
31.8               30.57
31.9             30.6192
32              30.664
32.1             30.7044
32.2             30.7402
32.3             30.7716
32.4             30.7983
32.5             30.8203
32.6             30.8376
32.7             30.8502
32.8             30.8579
32.9             30.8607
33             30.8585
33.1             30.8513
33.2             30.8391
33.3             30.8217
33.4             30.7992
33.5             30.7714
33.6             30.7384
33.7             30.6999
33.8             30.6561
33.9             30.6068
34              30.552
34.1             30.4916
34.2             30.4256
34.3             30.3538
34.4             30.2764
34.5             30.1931
34.6             30.1039
34.7             30.0088
34.8             29.9078
34.9             29.8007
35             29.6875
35.1             29.5682
35.2             29.4426
35.3             29.3108
35.4             29.1727
35.5             29.0282
35.6             28.8772
35.7             28.7198
35.8             28.5558
35.9             28.3852
36              28.208
36.1              28.024
36.2             27.8333
36.3             27.6357
36.4             27.4312
36.5             27.2198
36.6             27.0014
36.7             26.7759
36.8             26.5433
36.9             26.3035
37             26.0565
37.1             25.8022
37.2             25.5405
37.3             25.2715
37.4              24.995
37.5             24.7109
37.6             24.4193
37.7             24.1201
37.8             23.8132
37.9             23.4985
38              23.176
38.1             22.8457
38.2             22.5074
38.3             22.1612
38.4             21.8069
38.5             21.4446
38.6             21.0741
38.7             20.6954
38.8             20.3084
38.9             19.9131
39             19.5095
39.1             19.0974
39.2             18.6769
39.3             18.2478
39.4             17.8101
39.5             17.3637
39.6             16.9086
39.7             16.4448
39.8             15.9721
39.9             15.4905
